Precision: 0.859632271051444
Recall: 0.8184407720307374
Sensitividade: 0.8184407720307374
F-measure: 0.8294713052888265
