Precision: 0.8142901056082222
Recall: 0.7115001958480219
Sensitividade: 0.7115001958480219
F-measure: 0.6741299941484056
